algorithm=TOY-DILITHIUM
mode=bench
iterations=1000
message=BARC_PQC_2026
ring=Z_17[x]/(x^4+1)
a=[3,5,0,1]
s1=[1,0,1,1]
t=[15,4,2,9]
y=[2,1,0,1]
w=[0,13,4,5]
challenge_c=1
z=[3,1,1,2]
keygen_ms=0.000166
sign_ms=0.000299458
verify_ms=0.000112584
pk_bytes=16
sk_bytes=16
sig_bytes=24
verify_result=VALID
